$ python match_mcts.py /mnt/local-ssd/data/pong/AlphaPong_SelfPlay/ -ne 100 --all_versions --self_play

0001(0.00) : 93|0|7
0002(9954.52) : 77|2|21
0003(19856.58) : 89|2|9
0004(29463.22) : 86|2|12
0005(39002.71) : 65|1|34
0006(51152.02) : 87|1|12
0007(63118.63) : 63|0|37
0008(72970.96) : 79|6|15
0009(92100.11) : 75|5|20
0010(112180.91) : 77|12|11
0011(130665.07) : 80|2|18
0012(148892.60) : 87|0|13
0013(169161.89) : 58|10|32
0014(194306.36) : 77|3|20
0015(219947.34) : 66|5|29
0016(244330.13) : 74|0|26
0017(276326.81) : 61|1|38
0018(302541.11) : 74|1|25
0019(333132.14) : 49|14|37
0020(373918.26) : 44|10|46
0021(406085.13) : 47|19|34
0022(439204.86) : 37|16|47
0023(468954.92) : 53|2|45

